Loss

0.5341 
0.2784 
0.2434 
0.1710 
0.1990 
0.1562 
0.0688 
0.0615 
0.0834 
0.0363 
0.0495 
0.0588 
0.0221 
0.0445 
0.0412 
0.0562 
0.0283 
0.0361 
0.0672 
0.0399 
0.0290 
0.0612 
0.0567 
0.0924 
0.0386 
0.0484 
0.0761 
0.0673 
0.0435 
0.0461 
0.0663 
0.0445 
0.0431 
0.0639 
0.0534 
0.0520 
0.0431 
0.0416 
0.0508 
0.0388 
0.0285 
0.0394 
0.0600 
0.0523 
0.0338 
0.0364 
0.0275 
0.0486 
0.0242 
0.0681 
0.0354 
0.0683 
0.0454 
0.0507 
0.0584 
0.0362 
0.0401 
0.0693 
0.0652 
0.0176 
0.0339 
0.0377 
0.0365 
0.0290 
0.0727 
0.0443 
0.0583 
0.0324 
0.0587 
0.0248 
0.0275 
0.0667 
0.0436 
0.0468 
0.0597 
0.0445 
0.0590 
0.0521 
0.0444 
0.0303 
0.0391 
0.0204 
0.0382 
0.0303 
0.0352 
0.0500 
0.0261 
0.0320 
0.0432 
0.0609 
0.0428 
0.0593 
0.0548 
0.0281 
0.0312 
0.0933 
0.0483 
0.0360 
0.0436 
0.0253 
