Accuracy

0.7435 
0.8778 
0.9191 
0.9415 
0.9277 
0.9449 
0.9776 
0.9742 
0.9793 
0.9862 
0.9845 
0.9880 
0.9966 
0.9862 
0.9880 
0.9862 
0.9948 
0.9897 
0.9811 
0.9880 
0.9948 
0.9725 
0.9862 
0.9621 
0.9948 
0.9880 
0.9725 
0.9742 
0.9862 
0.9845 
0.9828 
0.9828 
0.9862 
0.9759 
0.9828 
0.9845 
0.9914 
0.9931 
0.9862 
0.9914 
0.9931 
0.9897 
0.9793 
0.9811 
0.9880 
0.9914 
0.9966 
0.9862 
0.9948 
0.9811 
0.9914 
0.9845 
0.9845 
0.9880 
0.9811 
0.9897 
0.9931 
0.9759 
0.9759 
0.9983 
0.9914 
0.9931 
0.9931 
1.0000 
0.9759 
0.9880 
0.9811 
0.9948 
0.9845 
0.9948 
0.9948 
0.9776 
0.9914 
0.9828 
0.9776 
0.9776 
0.9793 
0.9845 
0.9862 
0.9880 
0.9897 
0.9966 
0.9880 
0.9914 
0.9914 
0.9828 
0.9931 
0.9931 
0.9845 
0.9725 
0.9948 
0.9811 
0.9914 
0.9931 
0.9931 
0.9759 
0.9862 
0.9897 
0.9845 
0.9983 
